
y1 <- c(0.602032210043663, 0.264776156174343, 0.533734198871111, 0.575909350842954, 
        0.469451821018673, 0.500374929485911, 0.409804393512848, 0.522944853840046, 
        0.455971819500441, 0.314256434742069, 0.424818400979859, 0.416071309593968, 
        0.623227772379132, 0.453811208041412, 0.491335850589727, 0.671926519260626, 
        0.469066289025115, 0.550681350384223, 0.410584016908674, 0.515216003162399, 
        0.595968504977154, 0.317830315183597, 0.434852340572849, 0.771069346724448, 
        0.106726388020268, 0.50765835404007, 0.514937299009633, 0.499654029632901, 
        0.501876875777163, 0.66396040969079, 0.563309846505533, 0.560940556774763, 
        0.590781981700019, 0.739956887965457, 0.78059345710161, 0.544691613516781, 
        0.661755160550894, 0.478110053131451, 0.677773651489045, 0.374890048916039, 
        0.443191011805939, 0.297824677014213, 0.484073176745801, 0.502975552145807, 
        0.376422079229629, 0.626475458326917, 0.567874306784639, 0.661720387711499, 
        0.482831492031957, 0.6074643867853, 0.453454809197902, 0.711808200744439, 
        0.360326748420381, 0.412928304465011, 0.351774838993588, 0.421043471641268, 
        0.492000350712126, 0.340294866732947, 0.349824983969714, 0.705326269100797, 
        0.644869853666975, 0.70484626965987, 0.775143766112379, 0.258592688606724, 
        0.636577030543502, 0.368359736874564, 0.460504010092152, 0.602724462160264, 
        0.586977030074308, 0.418876905031293, 0.469629350790934, 0.833225961591944, 
        0.503071152677504, 0.767207800332664, 0.18380868189444, 0.410521205982309, 
        0.368152545410997, 0.646430548650217, 0.531867559408609, 0.530428994508934, 
        0.46235542643618, 0.335532365445831, 0.569181850832563, 0.450691658151254, 
        0.618515107028248, 0.506245488481867, 0.334987981929209, 0.676983864238626, 
        0.600011149088664, 0.351059340349174, 0.509740016316529, 0.620990597466227, 
        0.372731514752933, 0.276934686205956, 0.303261529897596, 0.350858429059644, 
        0.358422482368713, 0.598419565663218, 0.480831204165192, 0.315756967776955, 
        0.398762196639278, 0.329749376261011, 0.492328715401644, 0.726538488504659, 
        0.630166815528421, 0.202261520239867, 0.487944631084552, 0.318293851225342, 
        0.570744804713266, 0.554485247160878, 0.374106204468973, 0.690590135309313, 
        0.566362795991612, 0.673898254489853, 0.453828909272201, 0.378591998149029, 
        0.460351698209331, 0.499707789231243, 0.92153072083873, 0.255470150664083, 
        0.312601877203191, 0.634854668403987, 0.379664809205912, 0.587828622027348, 
        0.404224107032402, 0.479553783975151, 0.428715233098127, 0.257975713891723, 
        0.299384909484351, 0.28366207680148, 0.000863967230543494, 0.58026328586448, 
        0.75887855698949, 0.639133447772089, 0.539573946896642, 0.462411551491394, 
        0.632991177864952, 0.432550367244673, 0.489089378486756, 0.554248508542471, 
        0.585747958859599, 0.661951221844661, 0.619679814772943, 0.393994937716201, 
        0.280021021078857, 0.671593722442775, 0.569606416453406, 0.654930495898762, 
        0.751965944177582, 0.455548322345107, 0.607376766127584, 0.431603530285948, 
        0.617293330760909, 0.524818982518244, 0.382652588876115, 0.776729975774707, 
        0.407850075434439, 0.59767460238066, 0.358068426171138, 0.326467960476337, 
        0.533854790513983, 0.440711264663714, 0.709239936537544, 0.309403366725482, 
        0.299079107047505, 0.349432004618422, 0.721952054462423, 0.359303770043752, 
        0.366072920911951, 0.066579401656054, 0.237763961860072, 0.490852577394763, 
        0.349748912243357, 0.309716604845759, 0.355735831990495, 0.439522675393333, 
        0.146857390767134, 0.489521080245183, 0.558859163464684, 0.781972658977609, 
        0.369480159659058, 0.41137789338124, 0.648069558704215, 0.622594136707174, 
        0.488451615785845, 0.363150566543909, 0.658731596208357, 0.602382010191773, 
        0.558671205722116, 0.351367207069779, 0.33747676237911, 0.550841801863398, 
        0.583004933063169, 0.644567447689825, 0.492386410870499, 0.323339275805016, 
        0.436761152166553, 0.562486845241504, 0.595888562857763, 0.304853361358396, 
        0.286846261001812, 0.73454916021822, 0.475467446762066, 0.405912918401937, 
        0.557585576698297, 0.382835558789707, 0.641659850130459, 0.492379769859488, 
        0.602918967227907, 0.641218405489649, 0.325220138324787, 0.250488546212614, 
        0.520931132163913, 0.708603143729874, 0.571647970679966, 0.619398915107289, 
        0.712602481167711, 0.381917670092119, 0.384113346494627, 0.573057486479766, 
        0.61096388143787, 0.581119743892553, 0.651771474901428, 0.310906278950465, 
        0.517481144184461, 0.661111712624677, 0.618557475891754, 0.668298058024215, 
        0.472303831726015, 0.662787934949303, 0.539537517259224, 0.292844538933116, 
        0.488681929892642, 0.459480922735881, 0.279750804779398, 0.535019703630939, 
        0.651691213518241, 0.498863452222616, 0.565070815931975, 0.827493886568385, 
        0.667636947439697, 0.586947178036391, 0.501783530372733, 0.224107619503629, 
        0.724189198676492, 0.626009271909197, 0.647015584621565, 0.117374509244135, 
        0.563704575896988, 0.564311760358296, 0.398817178061264, 0.671865170436325, 
        0.692250764203964, 0.500243844855147, 0.351279922878444, 0.664256869265065, 
        0.413342815470911, 0.00843638046644628, 0.657896451456627, 0.182395875674923, 
        0.411721006733988, 0.535390235143475, 0.816280310085366, 0.823143733532824, 
        0.574536588077029, 0.452584842214852, 0.561581765021471, 0.35247027479965, 
        0.253983000100751, 0.397646442008712, 0.49591256954164, 0.57656744325593, 
        0.513210363854353, 0.269623729257989, 0.523120694520918, 0.40062130075179, 
        0.45964953825722, 0.585580970707774, 0.232249256799054, 0.309242187743516, 
        0.30741799808306, 0.694933873400736, 0.549574103768669, 0.744186711572614, 
        0.576810723384456, 0.371223511426095, 0.207553434084246, 0.535712433409112, 
        0.493364706934573, 0.400499275051072, 0.697749902425342, 0.509624134092537, 
        0.346391171728355, 0.494024157978176, 0.822880172508857, 0.300973801886142, 
        0.493461904603612, 0.447278257168539, 0.299174254838427, 0.58675580196597, 
        0.807598489761103, 0.44881023328677, 0.4665494252773, 0.259219202481155, 
        0.673382781864875, 0.529007386201768, 0.405859805428416, 0.750606408029074, 
        0.582777303911755, 0.106226418622911, 0.692193070011657, 0.383939459259754, 
        0.482610178301113, 0.279681293114375, 0.693182169198646, 0.502338662793729, 
        0.508776954618306, 0.318624596393762, 0.590923846570037, 0.563629812587865, 
        0.520430983689137, 0.567674669164707, 0.470901474804046, 0.663313801183894, 
        0.704642951627342, 0.384123921815029, 0.504878987066982, 0.463763245593742, 
        0.676108428073273, 0.467233978095969, 0.778272812457005, 0.730004880707259, 
        0.579158818172581, 0.616574171625229, 0.699377327028177, 0.515002490722154, 
        0.391674608347423, 0.611591194968712, 0.707227397528096, 0.431054724496559, 
        0.43998506097425, 0.458766731237361, 0.438799561217098, 0.518948969694391, 
        0.682526703635681, 0.676174733172996, 0.224793571143816, 0.191756006637439, 
        0.277631873019314, 0.383208423177313, 0.280175269325255, 0.69594630784011, 
        0.516998989300247, 0.518719409685644, 0.271808812883788, 0.380630175120715, 
        0.412650317265115, 0.378408027993911, 0.533845832313432, 0.327141963264441, 
        0.648881008714153, 0.497209531178774, 0.490825811628882, 0.516548746144262, 
        0.681074413801863, 0.391106522768495, 0.451067840947503, 0.849314381685687, 
        0.202313951318594, 0.58748865263494, 0.605814723453415, 0.472789901746895, 
        0.547576222571523, 0.604110750102365, 0.786230479816929, 0.701222788188223, 
